08
23
08
21
08
1C
08
1A
08
18
08
0A
08
06
08
06
07
FA
07
ED
07
E0
07
DC
07
C6
07
BD
07
AE
07
AB
07
A0
07
8C
07
84
07
82
07
71
07
6C
07
63
07
5B
07
59
07
53
07
4E
07
4E
07
4E
07
5C
07
51
07
58
07
56
07
60
07
62
07
68
07
76
07
81
07
8C
07
93
07
9E
07
A5
07
B9
07
BD
07
D1
07
D0
07
E9
07
E6
07
F9
08
03
08
0C
08
14
08
1C
08
1B
08
20
08
24
08
26
08
25
08
27
08
22
08
1B
08
1B
08
17
08
0F
08
02
07
FC
07
EE
07
ED
07
DD
07
C2
07
C1
07
BE
07
B0
07
A1
07
88
07
94
07
83
07
74
07
6E
07
6B
07
61
07
5B
07
52
07
53
07
51
07
50
07
49
07
4D
07
56
07
58
07
5E
07
5C
07
62
07
6E
07
7D
07
81
07
8E
07
95
07
A6
07
B0
07
B8
07
C4
07
D4
07
D7
07
E2
07
F4
07
FD
08
05
08
0E
08
11
08
20
08
1F
08
23
08
29
08
21
08
28
08
22
08
1D
08
1B
08
1C
08
12
08
05
07
EF
07
F9
07
EB
07
E8
07
D2
07
CE
07
C2
07
B5
07
A1
07
A1
07
91
07
87
07
7C
07
70
07
6D
07
64
07
5A
07
58
07
4F
07
4D
07
4D
07
4D
07
51
07
4D
07
59
07
54
07
5A
07
64
07
6D
07
70
07
78
07
86
07
95
07
9C
07
A4
07
B2
07
C3
07
C3
07
D7
07
E2
07
F0
07
FB
08
01
08
09
08
11
08
18
08
1D
08
22
08
25
08
23
08
15
08
22
08
1F
08
23
08
1D
08
17
08
0B
08
06
07
FF
07
F7
07
EB
07
DF
07
CF
07
C6
07
B7
07
B6
07
A8
07
98
07
8C
07
84
07
7D
07
6F
07
67
07
63
07
5B
07
56
07
51
07
4C
07
4C
07
4C
07
51
07
4D
07
51
07
5A
07
5A
07
62
07
6C
07
7A
07
82
07
8B
07
95
07
A2
07
AE
07
B9
07
C3
07
CE
07
DC
07
E0
07
EE
07
F7
08
03
08
0A
08
0F
08
17
08
1F
08
24
08
24
08
22
08
23
08
15
08
23
08
1E
08
19
08
14
08
0D
08
04
07
FC
07
F1
07
DA
07
D5
07
CD
07
C9
07
B6
07
AE
07
A1
07
9C
07
87
07
7F
07
72
07
6F
07
69
07
65
07
58
07
56
07
56
07
4A
07
4B
07
50
07
4D
07
52
07
58
07
59
07
65
07
6A
07
6F
07
7C
07
87
07
92
07
A0
07
A2
07
B0
07
BA
07
CB
07
D6
07
DD
07
F0
07
F5
08
00
08
03
08
11
08
18
08
14
08
1E
08
25
08
20
08
22
08
23
08
14
08
1F
08
1A
08
22
08
08
08
07
08
04
07
F3
07
EB
07
DB
07
D7
07
CB
07
C0
07
AB
07
A8
07
99
07
92
07
81
07
82
07
75
07
68
07
61
07
5C
07
55
07
4F
07
4C
07
4E
07
4F
07
50
07
50
07
4E
07
59
07
60
07
66
07
68
07
76
07
7E
07
8A
07
91
07
9E
07
AB
07
BD
07
C1
07
CC
07
D9
07
E3
07
E8
07
F5
08
00
08
10
08
12
08
15
08
18
08
24
08
20
08
28
08
25
08
22
08
1D
08
1F
08
16
08
12
08
0E
08
02
07
FE
07
ED
07
EB
07
DC
07
CF
07
C4
07
BC
07
AF
07
9E
07
92
07
8F
07
7F
07
7A
07
6D
07
6D
07
60
07
5A
07
55
07
4D
07
50
07
59
07
4D
07
50
07
4C
07
59
07
5C
07
60
07
63
07
6F
07
7F
07
7D
07
8E
07
8B
07
A6
07
AA
07
B8
07
C7
07
D2
07
DD
07
EA
07
F1
08
00
08
00
08
0E
08
11
08
1D
08
1C
08
27
08
24
08
25
08
27
08
23
08
22
08
1A
08
1B
08
1D
08
05
07
F6
07
F9
07
F1
07
E5
07
D4
07
D0
07
BF
07
B7
07
AC
07
9F
07
94
07
88
07
7A
07
78
07
6B
07
62
07
61
07
5D
07
55
07
4F
07
4F
07
54
07
4E
07
52
07
5A
07
56
07
59
07
66
07
70
07
6F
07
7C
07
8A
07
93
07
9A
07
AA
07
AE
07
C4
07
CB
07
D4
07
E3
07
EF
07
F7
07
FD
08
06
08
13
08
18
08
1C
08
1F
08
22
08
26
08
23
08
21
08
23
08
23
08
17
08
17
08
14
08
0C
07
F9
07
F0
07
ED
07
DE
07
D7
07
C4
07
BA
07
B5
07
A8
07
98
07
8B
07
86
07
7C
07
6D
07
68
07
62
07
5F
07
54
07
4F
07
51
07
51
07
4D
07
51
07
4B
07
56
07
5B
07
5B
07
67
07
79
07
76
07
86
07
86
07
95
07
A0
07
AC
07
B1
07
C7
07
CE
07
DF
07
E3
07
EB
07
FD
08
08
08
06
08
0C
08
18
08
19
08
1E
08
1C
08
26
08
20
08
24
08
24
08
1C
08
1A
08
0D
08
0E
08
01
07
FB
07
F7
07
E6
07
D9
07
CD
07
C8
07
B8
07
A2
07
A1
07
9C
07
8D
07
7F
07
78
07
70
07
66
07
60
07
59
07
55
07
4E
07
4F
07
4B
07
4B
07
4A
07
52
07
58
07
5E
07
5F
07
69
07
74
07
79
07
87
07
8E
07
9F
07
A4
07
B0
07
BE
07
C9
07
CF
07
E1
07
EB
07
F6
07
FC
08
09
08
0D
08
15
08
16
08
1D
08
1D
08
26
08
26
08
27
08
23
08
1E
08
15
08
16
08
0F
08
07
08
05
07
F9
07
ED
07
DC
07
D7
07
CC
07
BA
07
AD
07
AA
07
9F
07
93
07
88
07
80
07
70
07
6B
07
5E
07
5D
07
5C
07
54
07
4D
07
4E
07
51
07
4F
07
4B
07
52
07
58
07
5B
07
64
07
6C
07
76
07
80
07
8C
07
8E
07
9E
07
AB
07
B8
07
C1
07
D0
07
DA
07
EB
07
E4
07
F4
08
03
08
10
08
18
08
18
08
1D
08
1C
08
22
08
23
08
27
08
24
08
1F
08
16
08
18
08
10
08
0F
08
06
07
F9
07
F0
07
E4
07
DE
07
D0
07
BE
07
BF
07
B3
07
9D
07
92
07
8F
07
80
07
77
07
6E
07
67
07
64
07
56
07
52
07
50
07
4D
07
46
07
4C
07
4C
07
4F
07
59
07
5D
07
5D
07
66
07
73
07
78
07
7E
07
8E
07
9D
07
A4
07
A9
07
B8
07
C8
07
D4
07
D9
07
E6
07
EC
07
FC
08
04
08
0B
08
12
08
1C
08
1C
08
11
08
24
08
27
08
22
08
23
08
20
08
18
08
15
08
0A
08
05
08
0A
07
FA
07
EC
07
E2
07
D8
07
CE
07
C7
07
B5
07
A2
07
9E
07
90
07
89
07
7D
07
77
07
6D
07
65
07
5B
07
58
07
53
07
4E
07
4D
07
4D
07
4E
07
51
07
54
07
56
07
5D
07
62
07
6C
07
71
07
7C
07
86
07
92
07
96
07
A8
07
B1
07
C2
07
C9
07
D7
07
DF
07
EB
07
F3
07
FB
08
09
08
0F
08
16
08
1B
08
11
08
21
08
1E
08
24
08
24
08
1E
08
1F
08
19
08
12
08
12
08
07
07
FF
07
F4
07
EA
07
E2
07
D4
07
C7
07
B9
07
B5
07
A3
07
96
07
8B
07
86
07
7D
07
70
07
70
07
5F
07
5B
07
55
07
50
07
52
07
50
07
4E
07
55
07
52
07
54
07
53
07
64
07
64
07
6F
07
78
07
7E
07
85
07
91
07
A1
07
AD
07
B6
07
B8
07
CF
07
DF
07
DD
07
F2
07
F9
08
03
08
07
08
12
08
15
08
1A
08
19
08
24
08
24
08
28
08
28
08
1F
08
22
08
1C
08
18
08
11
07
FD
07
F7
07
F5
07
E3
07
D8
07
CF
07
C7
07
BA
07
52
07
58
07
52
07
52
07
55
07
55
07
57
07
50
07
4F
07
4D
07
51
07
49
07
53
07
51
07
51
07
51
07
54
07
4D
07
46
07
46
07
4F
07
4C
07
44
07
4D
07
49
07
4C
07
43
07
4E
07
4E
07
4C
07
4B
07
4D
07
50
07
50
07
4F
07
4A
07
4A
07
4E
07
4E
07
53
07
53
07
52
07
52
07
52
07
50
07
50
07
56
07
52
07
50
07
50
07
54
07
57
07
54
07
59
07
5D
07
5C
07
54
07
5A
07
5E
07
57
07
63
07
5A
07
5F
07
60
07
64
07
64
07
62
07
65
07
66
07
68
07
66
07
6A
07
69
07
6F
07
76
07
6B
07
7B
07
6C
07
71
07
72
07
75
07
74
07
78
07
75
07
7A
07
7C
07
7E
07
7F
07
7E
07
80
07
82
07
85
07
84
07
8A
07
88
07
7F
07
8B
07
90
07
8B
07
8F
07
92
07
95
07
95
07
A1
07
99
07
95
07
99
07
91
07
A0
07
9C
07
9D
07
AB
07
A8
07
A8
07
A5
07
A9
07
A9
07
AC
07
AA
07
B6
07
B2
07
AC
07
B5
07
B9
07
BA
07
BA
07
BD
07
B9
07
BB
07
C2
07
C4
07
C6
07
C1
07
C6
07
C6
07
CC
07
C8
07
C8
07
D1
07
D2
07
D2
07
D6
07
D5
07
DA
07
DB
07
DF
07
DF
07
E1
07
E7
07
E0
07
E4
07
E6
07
E8
07
E5
07
E8
07
EA
07
EE
07
F9
07
EF
07
F8
07
EF
07
F3
07
F6
07
F2
07
F4
07
F2
07
F6
08
00
07
F6
07
F7
07
FE
08
03
07
FC
08
05
08
09
08
05
08
02
08
04
08
04
08
0A
08
08
08
0D
08
0C
08
09
08
0F
08
10
08
15
08
16
08
11
08
15
08
13
08
16
08
18
08
19
08
18
08
16
08
15
08
17
08
1F
08
15
08
1E
08
19
08
1C
