07
7F
07
80
07
82
07
83
07
84
07
82
07
81
07
7B
07
85
07
83
07
83
07
7E
07
83
07
7E
07
81
07
84
07
88
07
84
07
8B
07
87
07
8F
07
94
07
95
07
9D
07
9B
07
9E
07
9F
07
9F
07
9E
07
9C
07
96
07
94
07
8E
07
8B
07
88
07
87
07
87
07
84
07
81
07
82
07
85
07
7F
07
80
07
83
07
83
07
84
07
81
07
84
07
80
07
81
07
82
07
82
07
81
07
82
07
82
07
84
07
82
07
82
07
7E
07
81
07
86
07
84
07
83
07
84
07
85
07
83
07
82
07
82
07
7F
07
85
07
83
07
82
07
85
07
82
07
83
07
82
07
85
07
85
07
83
07
85
07
82
07
84
07
83
07
85
07
87
07
85
07
82
07
84
07
83
07
85
07
86
07
84
07
83
07
82
07
85
07
85
07
80
07
83
07
86
07
84
07
88
07
86
07
84
07
85
07
83
07
87
07
84
07
85
07
88
07
86
07
85
07
84
07
86
07
85
07
86
07
87
07
86
07
85
07
7F
07
86
07
85
07
86
07
84
07
85
07
87
07
84
07
85
07
85
07
86
07
86
07
87
07
87
07
8A
07
8A
07
92
07
8D
07
8F
07
93
07
98
07
9B
07
9E
07
9C
07
9A
07
9C
07
98
07
94
07
8B
07
8E
07
84
07
88
07
86
07
86
07
85
07
85
07
87
07
83
07
84
07
85
07
81
07
81
07
7C
07
6E
07
69
07
62
07
5F
07
61
07
70
07
88
07
AF
07
E5
08
20
08
60
08
89
08
9B
08
93
08
6B
08
2F
07
EB
07
AC
07
7B
07
55
07
44
07
3F
07
45
07
53
07
60
07
62
07
72
07
7A
07
7C
07
81
07
81
07
7F
07
81
07
7F
07
82
07
82
07
83
07
82
07
81
07
7F
07
82
07
81
07
81
07
82
07
84
07
81
07
84
07
81
07
87
07
84
07
84
07
88
07
86
07
89
07
8C
07
91
07
97
07
9B
07
9C
07
94
07
9B
07
9F
07
9E
07
9C
07
96
07
95
07
8E
07
8A
07
88
07
85
07
7B
07
85
07
84
07
85
07
81
07
81
07
83
07
81
07
81
07
80
07
83
07
82
07
82
07
82
07
82
07
82
07
86
07
7B
07
82
07
82
07
85
07
82
07
84
07
83
07
84
07
85
07
7E
07
80
07
84
07
85
07
85
07
84
07
84
07
81
07
83
07
7F
07
83
07
85
07
82
07
83
07
80
07
7E
07
85
07
84
07
82
07
82
07
85
07
84
07
85
07
84
07
86
07
84
07
85
07
82
07
84
07
87
07
86
07
87
07
87
07
86
07
88
07
85
07
85
07
85
07
84
07
85
07
87
07
7B
07
87
07
84
07
80
07
84
07
84
07
84
07
86
07
84
07
86
07
86
07
82
07
85
07
86
07
84
07
85
07
84
07
83
07
89
07
83
07
86
07
84
07
88
07
86
07
88
07
87
07
83
07
86
07
86
07
82
07
8A
07
84
07
8C
07
8E
07
93
07
98
07
97
07
9E
07
A2
07
9E
07
97
07
96
07
95
07
91
07
8F
07
8A
07
88
07
89
07
86
07
87
07
85
07
86
07
85
07
85
07
84
07
82
07
7E
07
76
07
74
07
6D
07
63
07
60
07
5F
07
6A
07
7F
07
A3
07
D6
08
14
08
52
08
84
08
98
08
96
08
72
08
38
07
FA
07
B9
07
81
07
5C
07
46
07
3F
07
43
07
4D
07
59
07
68
07
6D
07
77
07
7C
07
7F
07
80
07
81
07
82
07
7F
07
7F
07
7F
07
83
07
81
07
80
07
80
07
7F
07
81
07
80
07
82
07
81
07
81
07
88
07
7B
07
86
07
83
07
83
07
82
07
89
07
8B
07
8E
07
92
07
94
07
99
07
9D
07
A0
07
A1
07
A0
07
9C
07
9B
07
96
07
93
07
91
07
8C
07
88
07
86
07
85
07
82
07
81
07
81
07
85
07
82
07
81
07
84
07
80
07
82
07
83
07
84
07
80
07
83
07
81
07
82
07
82
07
84
07
81
07
84
07
82
07
84
07
82
07
83
07
83
07
81
07
81
07
81
07
86
07
82
07
81
07
82
07
81
07
84
07
80
07
82
07
85
07
85
07
81
07
83
07
82
07
82
07
84
07
84
07
84
07
85
07
84
07
82
07
82
07
84
07
84
07
85
07
85
07
85
07
86
07
85
07
86
07
88
07
86
07
87
07
85
07
87
07
81
07
85
07
86
07
87
07
87
07
85
07
84
07
84
07
87
07
84
07
85
07
84
07
85
07
84
07
85
07
87
07
86
07
84
07
87
07
84
07
88
07
84
07
88
07
89
07
87
07
85
07
88
07
87
07
86
07
87
07
86
07
86
07
85
07
8A
07
88
07
8B
07
8B
07
8D
07
8F
07
94
07
96
07
99
07
9F
07
A6
07
9F
07
9B
07
9A
07
95
07
90
07
8D
07
89
07
8A
07
88
07
85
07
86
07
88
07
87
07
85
07
87
07
83
07
84
07
82
07
7B
07
77
07
6C
07
67
07
5E
07
5F
07
6E
07
78
07
9A
07
CB
08
07
08
45
08
7A
08
97
08
9A
08
7F
08
46
08
08
07
C7
07
8D
07
64
07
42
07
41
07
43
07
4B
07
58
07
67
07
6F
07
77
07
7B
07
79
07
83
07
82
07
80
07
83
07
83
07
80
07
80
07
81
07
83
07
80
07
80
07
82
07
82
07
83
07
84
07
83
07
84
07
80
07
81
07
83
07
86
07
85
07
8A
07
86
07
8D
07
90
07
94
07
99
07
9B
07
9E
07
A1
07
A0
07
9D
07
9C
07
98
07
95
07
91
07
8F
07
89
07
87
07
83
07
85
07
83
07
82
07
81
07
85
07
84
07
81
07
7B
07
83
07
7F
07
82
07
85
07
85
07
84
07
7E
07
83
07
83
07
82
07
84
07
80
07
83
07
84
07
80
07
82
07
82
07
84
07
85
07
82
07
86
07
80
07
82
07
85
07
8B
07
85
07
85
07
88
07
83
07
85
07
83
07
82
07
7F
07
82
07
84
07
83
07
83
07
83
07
83
07
84
07
82
07
87
07
84
07
86
07
84
07
85
07
88
07
87
07
86
07
81
07
86
07
85
07
82
07
84
07
83
07
87
07
86
07
86
07
84
07
87
07
84
07
84
07
85
07
86
07
84
07
87
07
88
07
86
07
84
07
86
07
87
07
86
07
85
07
87
07
87
07
85
07
86
07
82
07
85
07
85
07
88
07
84
07
86
07
86
07
86
07
86
07
84
07
83
07
86
07
85
07
8C
07
90
07
9B
07
98
07
9C
07
A0
07
9D
07
A0
07
9F
07
9A
07
94
07
92
07
8D
07
8B
07
88
07
89
07
86
07
86
07
84
07
86
07
89
07
88
07
86
07
84
07
84
07
7F
07
7C
07
70
07
65
07
60
07
5B
07
64
07
74
07
93
07
BF
07
F8
08
38
08
72
08
94
08
9C
08
88
08
57
08
13
07
D2
07
99
07
6A
07
4E
07
3B
07
41
07
4B
07
55
07
60
07
6D
07
77
07
7C
07
7D
07
84
07
83
07
81
07
83
07
7F
07
82
07
82
07
81
07
8A
07
82
07
80
07
82
07
82
07
84
07
81
07
86
07
84
07
83
07
82
07
82
07
84
07
86
07
86
07
88
07
88
07
8F
07
91
07
98
07
9B
07
A0
07
A2
07
A0
07
A1
07
9C
07
98
07
90
07
91
07
8C
07
8A
07
88
07
87
07
84
07
85
07
83
07
80
07
81
07
83
07
82
07
83
07
83
07
82
07
80
07
83
07
83
07
81
07
83
07
81
07
84
07
84
07
87
07
85
07
81
07
8A
07
80
07
83
07
85
07
80
07
84
07
81
07
81
07
86
07
83
07
83
07
84
07
81
07
85
07
7D
07
84
07
84
07
84
07
85
07
86
07
84
07
86
07
84
07
85
07
85
07
84
07
86
07
82
07
86
07
81
07
86
07
81
07
84
07
85
07
84
07
86
07
86
07
84
07
84
07
7F
07
80
07
83
07
84
07
83
07
84
07
85
07
86
07
87
07
86
07
82
07
85
07
85
07
86
07
85
07
86
07
84
07
85
07
86
07
88
07
83
07
84
07
88
07
86
07
86
07
84
07
86
07
83
07
86
07
87
07
87
07
88
07
85
07
89
07
86
07
88
07
87
07
8A
07
8C
07
8E
07
8E
07
96
07
98
07
9E
07
A0
07
9E
07
9D
07
9D
07
96
07
91
07
8C
07
8B
07
88
07
85
07
8A
07
85
07
81
07
88
07
86
07
85
07
84
07
85
07
7F
07
7F
07
7A
07
73
07
69
07
63
07
5E
07
61
07
72
07
8D
07
B6
07
EB
08
2A
08
66
08
8E
08
9E
08
8C
08
61
08
24
07
DE
07
A3
07
74
07
55
07
43
07
41
07
49
07
54
07
63
07
6A
07
76
07
7C
07
7E
07
80
07
81
07
81
07
82
07
81
07
82
07
80
07
82
07
83
07
7D
07
81
07
84
07
81
07
7F
07
8B
07
82
07
81
07
82
07
82
07
84
07
85
07
89
07
85
07
87
07
8B
07
8D
07
93
07
95
07
99
07
9E
07
9D
07
9F
07
9E
07
9D
07
99
07
99
07
90
07
8F
07
8B
07
8A
07
84
07
86
07
7F
07
86
07
84
07
83
07
84
07
83
07
80
07
82
07
83
07
82
07
84
