07
70
07
6C
07
6B
07
6C
07
6D
07
6E
07
6E
07
6D
07
6E
07
71
07
78
07
7F
07
85
07
87
07
8A
07
8E
07
8F
07
88
07
86
07
7C
07
76
07
74
07
6F
07
70
07
6F
07
6B
07
6A
07
6E
07
70
07
6B
07
6D
07
6D
07
6C
07
6F
07
6F
07
6D
07
6E
07
6D
07
6D
07
6B
07
6C
07
6D
07
6D
07
6D
07
68
07
6E
07
6D
07
6D
07
6D
07
6E
07
6E
07
6F
07
6D
07
70
07
68
07
6E
07
6D
07
6F
07
70
07
70
07
6E
07
6F
07
6F
07
6D
07
6E
07
6B
07
70
07
70
07
72
07
6E
07
6F
07
6C
07
6C
07
6F
07
71
07
70
07
71
07
74
07
70
07
72
07
71
07
71
07
70
07
6E
07
6F
07
6F
07
70
07
6A
07
72
07
70
07
72
07
70
07
6F
07
72
07
72
07
78
07
77
07
7C
07
84
07
88
07
8D
07
90
07
8D
07
86
07
81
07
7A
07
78
07
74
07
74
07
72
07
70
07
6C
07
6C
07
6E
07
6F
07
66
07
5D
07
4A
07
42
07
41
07
56
07
89
07
D6
08
39
08
94
08
C2
08
AA
08
5F
07
F7
07
91
07
49
07
24
07
1E
07
2A
07
3B
07
4D
07
5E
07
60
07
6B
07
6B
07
6B
07
6A
07
6E
07
6A
07
6F
07
6D
07
6D
07
6B
07
6C
07
6A
07
6C
07
65
07
6E
07
6D
07
6A
07
72
07
78
07
7C
07
84
07
86
07
8E
07
8E
07
90
07
8C
07
80
07
80
07
7E
07
78
07
6F
07
6E
07
6F
07
6E
07
6D
07
69
07
6D
07
6C
07
6D
07
6D
07
6F
07
6E
07
6B
07
6B
07
6E
07
6B
07
6D
07
6C
07
6A
07
6E
07
70
07
70
07
6B
07
6D
07
6E
07
6F
07
70
07
72
07
6F
07
6E
07
6C
07
6D
07
6E
07
6F
07
6D
07
6E
07
70
07
6E
07
71
07
6E
07
70
07
71
07
6E
07
70
07
73
07
6E
07
6F
07
6B
07
73
07
69
07
72
07
6F
07
71
07
71
07
70
07
70
07
72
07
70
07
6F
07
70
07
70
07
72
07
6E
07
6D
07
70
07
73
07
70
07
72
07
6E
07
74
07
70
07
71
07
6F
07
71
07
77
07
77
07
7F
07
87
07
8D
07
8B
07
8C
07
8A
07
8C
07
83
07
79
07
72
07
74
07
71
07
71
07
71
07
73
07
68
07
6F
07
6A
07
66
07
54
07
46
07
40
07
4A
07
6F
07
B2
08
10
08
72
08
B3
08
BD
08
86
08
22
07
B9
07
67
07
2E
07
1C
07
1D
07
2F
07
4C
07
59
07
63
07
65
07
69
07
6C
07
6B
07
6C
07
6A
07
69
07
69
07
6C
07
65
07
6A
07
6C
07
6C
07
6F
07
6D
07
6C
07
6D
07
71
07
77
07
77
07
82
07
86
07
8E
07
91
07
90
07
8B
07
88
07
80
07
7A
07
77
07
70
07
6C
07
6C
07
6D
07
6D
07
6D
07
6A
07
6C
07
69
07
6D
07
6D
07
6C
07
6C
07
6B
07
6A
07
6A
07
65
07
6E
07
6D
07
71
07
6F
07
6D
07
6F
07
72
07
6A
07
6E
07
6D
07
6E
07
6C
07
6E
07
6E
07
6E
07
6E
07
6E
07
70
07
6F
07
70
07
70
07
6F
07
6C
07
6B
07
6F
07
6F
07
6F
07
6D
07
70
07
68
07
6F
07
6F
07
6E
07
70
07
6F
07
73
07
6E
07
6F
07
71
07
70
07
72
07
68
07
71
07
6F
07
70
07
71
07
70
07
69
07
71
07
71
07
6F
07
71
07
6F
07
72
07
71
07
72
07
70
07
74
07
7B
07
7A
07
79
07
86
07
8D
07
95
07
8B
07
85
07
80
07
7B
07
71
07
71
07
71
07
6E
07
73
07
6F
07
70
07
70
07
6A
07
65
07
5A
07
4B
07
41
07
47
07
5D
07
93
07
E8
08
4C
08
A0
08
BC
08
A1
08
54
07
DE
07
80
07
3F
07
20
07
20
07
2B
07
42
07
52
07
62
07
68
07
67
07
66
07
6B
07
6B
07
6B
07
6B
07
6D
07
6D
07
6B
07
6B
07
6A
07
6A
07
64
07
6F
07
6E
07
6E
07
72
07
75
07
78
07
7C
07
82
07
83
07
8E
07
90
07
8C
07
8D
07
84
07
80
07
79
07
73
07
71
07
6F
07
6D
07
6A
07
66
07
6D
07
6E
07
6E
07
6C
07
66
07
68
07
6D
07
6D
07
6D
07
6B
07
6C
07
67
07
6C
07
6E
07
68
07
70
07
6F
07
6F
07
70
07
6C
07
6E
07
6C
07
67
07
6F
07
6A
07
6D
07
6F
07
70
07
68
07
6F
07
70
07
6F
07
6E
07
6F
07
6B
07
73
07
70
07
66
07
6F
07
70
07
69
07
6E
07
70
07
6F
07
6E
07
73
07
6A
07
70
07
70
07
6F
07
71
07
70
07
6F
07
71
07
70
07
71
07
71
07
72
07
70
07
70
07
71
07
72
07
71
07
70
07
73
07
71
07
71
07
72
07
73
07
74
07
79
07
85
07
8E
07
89
07
8D
07
95
07
8A
07
82
07
78
07
7D
07
75
07
6E
07
73
07
71
07
6F
07
73
07
6F
07
6E
07
6C
07
5C
07
52
07
46
07
41
07
4F
07
72
07
C3
08
28
08
82
08
B4
08
B2
08
76
08
10
07
A6
07
56
07
2B
07
26
07
25
07
3A
07
4D
07
5E
07
64
07
69
07
6A
07
69
07
6A
07
6F
07
6D
07
6C
07
6B
07
6C
07
6C
07
69
07
6B
07
6D
07
6C
07
6B
07
6E
07
72
07
73
07
79
07
7B
07
81
07
87
07
8C
07
8F
07
91
07
8F
07
82
07
82
07
7A
07
77
07
72
07
71
07
6C
07
6C
07
6C
07
6B
07
6E
07
6D
07
6D
07
68
07
6C
07
6C
07
68
07
6D
07
6C
07
6C
07
68
07
70
07
70
07
6F
07
6B
07
6D
07
6D
07
6C
07
6C
07
6D
07
6E
07
6D
07
6C
07
6C
07
72
07
6F
07
6E
07
70
07
71
07
6E
07
6D
07
6D
07
6F
07
71
07
70
07
70
07
6F
07
6F
07
70
07
6E
07
74
07
73
07
6C
07
72
07
6F
07
70
07
6F
07
6F
07
72
07
70
07
73
07
6F
07
70
07
70
07
71
07
72
07
73
07
6C
07
6F
07
6F
07
72
07
71
07
71
07
6F
07
74
07
70
07
71
07
73
07
74
07
81
07
80
07
84
07
8A
07
8C
07
8E
07
8B
07
85
07
7F
07
7B
07
78
07
71
07
71
07
6E
07
72
07
71
07
6F
07
6E
07
69
07
63
07
58
07
4A
07
3E
07
46
07
65
07
A3
07
F9
08
5C
08
A8
08
BE
08
9C
08
39
07
CE
07
76
07
38
07
1C
07
21
07
2F
07
43
07
57
07
62
07
67
07
6C
07
6A
07
6B
07
6C
07
69
07
6C
07
6D
07
6B
07
6C
07
6E
07
67
07
6A
07
6D
07
6D
07
6C
07
6D
07
6F
07
74
07
7B
07
7F
07
84
07
8C
07
8E
07
90
07
8F
07
8A
07
84
07
7D
07
77
07
75
07
72
07
6E
07
6E
07
6C
07
6C
07
6B
07
6D
07
6F
07
6D
07
6C
07
6D
07
6F
07
6E
07
6E
07
6C
07
6A
07
6C
07
6C
07
6C
07
70
07
6F
07
6D
07
6D
07
6F
07
6E
07
6A
07
6D
07
6D
07
6F
07
6D
07
6F
07
6D
07
72
07
71
07
6E
07
72
07
6F
07
6D
07
70
07
70
07
6E
07
71
07
6E
07
6F
07
6B
07
74
07
70
07
73
07
70
07
71
07
71
07
71
07
6C
07
6F
07
6E
07
6D
07
70
07
71
07
73
07
72
07
70
07
69
07
72
07
71
07
71
07
73
07
6F
07
71
07
70
07
71
07
6C
07
6F
07
72
07
75
07
77
07
7B
07
7C
07
89
07
8B
07
8E
07
8B
07
84
07
80
07
7E
07
77
07
76
07
71
07
71
07
73
07
71
07
70
07
71
07
6A
07
67
07
5B
07
4F
07
42
07
41
07
57
07
84
07
D1
08
33
08
8E
08
C0
08
B0
08
62
07
FC
07
96
07
51
07
24
07
1E
07
2A
07
3D
07
52
07
60
07
69
07
6A
07
6A
07
6A
07
73
07
6A
07
6A
07
6A
07
6B
07
6E
07
6B
07
6C
07
6E
07
70
07
6E
07
6C
07
6F
07
74
07
73
07
76
07
78
07
83
07
86
07
8D
07
92
07
8E
07
8D
07
85
07
7C
07
78
07
75
07
71
07
6F
07
6F
07
6B
07
69
07
6A
07
6C
07
6C
07
6D
07
6C
07
6B
07
6A
07
6D
07
6F
07
6D
07
6E
07
6C
07
6D
07
6F
07
6F
07
6E
07
6D
07
6E
07
6F
07
6F
07
6E
07
6E
07
6E
07
6E
07
6D
07
6F
07
6A
07
6C
07
6D
07
70
07
6D
07
6E
07
70
07
6E
07
6F
07
70
07
70
07
6C
07
6D
07
6F
07
71
07
6F
07
6D
07
70
07
6F
07
70
07
71
07
70
07
6F
07
70
07
70
07
72
07
70
07
70
07
77
07
6F
07
6D
07
72
07
71
07
6F
07
72
07
71
07
6E
07
71
07
70
07
71
07
70
07
71
07
73
07
75
07
7A
07
7E
07
85
07
8B
07
91
07
8F
07
8C
07
85
07
7E
07
79
07
75
07
70
07
73
07
70
07
6F
07
70
07
6F
07
6F
07
71
07
60
07
53
07
45
07
41
07
4E
07
6C
07
B2
08
09
08
6E
08
B1
08
C0
08
88
08
27
07
BD
07
66
07
30
07
1C
07
1B
07
36
07
49
07
59
07
65
07
68
07
6B
07
6A
07
6B
07
6A
07
69
07
69
07
6D
