07
A2
07
A1
07
A2
07
A5
07
A8
07
A9
07
AC
07
AD
07
B1
07
B1
07
B0
07
B1
07
AC
07
AC
07
AB
07
AB
07
A8
07
A7
07
A6
07
A0
07
A1
07
9C
07
9C
07
99
07
9B
07
9A
07
9B
07
9A
07
9B
07
99
07
97
07
98
07
95
07
9B
07
99
07
96
07
99
07
97
07
97
07
97
07
99
07
8E
07
99
07
97
07
98
07
9C
07
97
07
99
07
97
07
9A
07
9A
07
99
07
9C
07
98
07
98
07
97
07
99
07
99
07
98
07
9A
07
98
07
9B
07
98
07
9A
07
98
07
99
07
99
07
94
07
97
07
9C
07
99
07
97
07
9B
07
98
07
96
07
8F
07
99
07
99
07
9A
07
98
07
95
07
91
07
99
07
9C
07
98
07
99
07
94
07
98
07
95
07
91
07
9B
07
99
07
98
07
9D
07
9A
07
97
07
9A
07
9A
07
9C
07
98
07
9A
07
9C
07
99
07
9C
07
9B
07
99
07
9B
07
9E
07
9C
07
9A
07
99
07
9B
07
98
07
9B
07
9C
07
9B
07
98
07
94
07
9A
07
9B
07
9B
07
99
07
9A
07
9B
07
99
07
9D
07
98
07
9B
07
96
07
9C
07
9D
07
99
07
9D
07
99
07
9C
07
9D
07
9D
07
9A
07
9B
07
9C
07
98
07
9D
07
9F
07
9B
07
9E
07
9C
07
9A
07
9C
07
9D
07
9D
07
9C
07
9D
07
9D
07
9A
07
99
07
9A
07
9B
07
9A
07
9A
07
9E
07
9B
07
99
07
99
07
9E
07
9E
07
9B
07
9D
07
9D
07
9C
07
9E
07
9B
07
9E
07
9F
07
A1
07
A0
07
A5
07
A6
07
A9
07
A9
07
AD
07
AB
07
AC
07
AD
07
AE
07
B0
07
AA
07
AB
07
A8
07
A6
07
A4
07
9F
07
A0
07
A0
07
98
07
A0
07
9E
07
99
07
9D
07
99
07
99
07
9B
07
92
07
9B
07
9A
07
99
07
99
07
9B
07
97
07
9A
07
97
07
95
07
91
07
8F
07
8B
07
85
07
81
07
7C
07
7E
07
7B
07
7F
07
89
07
90
07
A7
07
BE
07
D8
07
F9
08
17
08
3C
08
5A
08
6E
08
7B
08
7B
08
72
08
5E
08
3F
08
1E
07
FA
07
D5
07
B6
07
99
07
83
07
75
07
68
07
63
07
66
07
65
07
6D
07
70
07
78
07
80
07
84
07
8B
07
91
07
8F
07
90
07
94
07
96
07
97
07
98
07
96
07
98
07
98
07
90
07
97
07
96
07
9A
07
98
07
8D
07
97
07
99
07
97
07
98
07
98
07
98
07
96
07
97
07
97
07
9B
07
99
07
98
07
98
07
98
07
94
07
9A
07
9B
07
99
07
98
07
97
07
97
07
9C
07
9B
07
9D
07
A0
07
A1
07
A4
07
9E
07
A6
07
A9
07
A9
07
AC
07
AD
07
AF
07
AC
07
B4
07
A9
07
B0
07
AC
07
AB
07
A9
07
A1
07
A0
07
A3
07
A0
07
A3
07
9C
07
A0
07
9C
07
9A
07
96
07
98
07
99
07
9C
07
9A
07
94
07
96
07
99
07
95
07
93
07
9A
07
98
07
97
07
93
07
99
07
98
07
98
07
99
07
99
07
99
07
99
07
98
07
99
07
98
07
99
07
9A
07
9A
07
96
07
9A
07
98
07
9A
07
97
07
9A
07
9B
07
9B
07
98
07
9A
07
9D
07
97
07
A2
07
97
07
9A
07
99
07
99
07
9B
07
95
07
9B
07
98
07
99
07
99
07
97
07
99
07
91
07
9A
07
98
07
98
07
9A
07
99
07
93
07
9C
07
9A
07
98
07
97
07
9B
07
9A
07
9A
07
98
07
9A
07
99
07
97
07
99
07
98
07
98
07
98
07
9B
07
92
07
9A
07
9B
07
97
07
99
07
9A
07
A1
07
9A
07
98
07
98
07
9B
07
99
07
9A
07
9B
07
9B
07
98
07
9C
07
9C
07
9B
07
9B
07
99
07
9A
07
9B
07
99
07
96
07
9C
07
9D
07
9B
07
9B
07
9C
07
9A
07
9A
07
99
07
9C
07
9A
07
9C
07
9B
07
99
07
9B
07
9A
07
9D
07
9A
07
9C
07
98
07
96
07
99
07
9D
07
9A
07
9A
07
9C
07
98
07
9F
07
9C
07
9D
07
9A
07
9D
07
99
07
9B
07
9B
07
9A
07
9B
07
9C
07
9A
07
9C
07
94
07
9A
07
9E
07
9C
07
9E
07
9B
07
9C
07
9D
07
A0
07
9E
07
A4
07
A7
07
A7
07
A9
07
AC
07
AD
07
AF
07
AE
07
B0
07
B0
07
B0
07
AA
07
A8
07
A3
07
A5
07
A5
07
A6
07
A1
07
9E
07
9F
07
9C
07
9C
07
9B
07
9B
07
9C
07
9C
07
99
07
9D
07
99
07
96
07
9C
07
9B
07
99
07
99
07
99
07
97
07
97
07
89
07
8B
07
89
07
83
07
7F
07
7C
07
7B
07
7D
07
7E
07
8A
07
96
07
AA
07
C4
07
E2
07
FC
08
20
08
41
08
5F
08
6E
08
79
08
7C
08
6D
08
58
08
37
08
14
07
F3
07
D0
07
B0
07
96
07
82
07
74
07
68
07
64
07
65
07
67
07
6E
07
71
07
7A
07
80
07
8A
07
8D
07
91
07
92
07
95
07
98
07
97
07
97
07
95
07
98
07
96
07
95
07
98
07
96
07
96
07
96
07
93
07
96
07
97
07
98
07
97
07
96
07
95
07
97
07
97
07
91
07
98
07
98
07
97
07
96
07
9A
07
97
07
97
07
98
07
9A
07
98
07
9B
07
9A
07
9C
07
99
07
9B
07
9F
07
9A
07
9C
07
A2
07
A6
07
A8
07
A9
07
AB
07
AD
07
AF
07
B0
07
AE
07
B2
07
AA
07
B0
07
B0
07
AA
07
AA
07
A5
07
A5
07
A5
07
A1
07
9F
07
9A
07
9B
07
99
07
99
07
9B
07
99
07
98
07
98
07
99
07
9B
07
9A
07
96
07
9B
07
97
07
95
07
99
07
96
07
98
07
98
07
99
07
9A
07
9B
07
97
07
99
07
96
07
9B
07
9A
07
99
07
9B
07
98
07
9B
07
96
07
98
07
98
07
9A
07
97
07
99
07
9C
07
9B
07
98
07
99
07
98
07
96
07
98
07
9A
07
99
07
9A
07
9B
07
9A
07
9A
07
9A
07
9B
07
99
07
9B
07
98
07
98
07
99
07
97
07
9B
07
98
07
9A
07
9A
07
95
07
98
07
9B
07
97
07
9A
07
95
07
98
07
98
07
9B
07
99
07
99
07
93
07
9E
07
98
07
94
07
98
07
97
07
99
07
9C
07
99
07
9B
07
99
07
98
07
99
07
99
07
9B
07
98
07
9B
07
9A
07
9A
07
98
07
9B
07
97
07
9B
07
99
07
9A
07
9A
07
98
07
9A
07
9D
07
9B
07
9A
07
9A
07
9A
07
99
07
98
07
99
07
98
07
9C
07
96
07
9D
07
99
07
9C
07
9A
07
99
07
97
07
99
07
93
07
98
07
9A
07
9C
07
99
07
9A
07
9A
07
99
07
99
07
99
07
9A
07
9A
07
95
07
9B
07
9A
07
9A
07
9B
07
9B
07
9A
07
99
07
9B
07
9A
07
9C
07
9B
07
9B
07
9E
07
9C
07
9C
07
9A
07
9B
07
9F
07
9E
07
9F
07
9F
07
A0
07
A4
07
A4
07
A8
07
A6
07
AB
07
AB
07
AE
07
A8
07
AE
07
AD
07
A9
07
AA
07
A8
07
A7
07
A1
07
A0
07
A0
07
99
07
9E
07
9C
07
9A
07
A0
07
9A
07
9D
07
9A
07
9A
07
9C
07
93
07
98
07
9B
07
97
07
98
07
97
07
94
07
93
07
91
07
90
07
8A
07
86
07
83
07
7C
07
73
07
7A
07
7C
07
82
07
8A
07
99
07
AD
07
C5
07
E3
08
0B
08
26
08
48
08
58
08
70
08
79
08
75
08
68
08
53
08
30
08
0F
07
EC
07
C8
07
A8
07
92
07
7E
07
6D
07
67
07
63
07
64
07
67
07
6D
07
74
07
79
07
80
07
88
07
8A
07
90
07
93
07
95
07
94
07
95
07
95
07
97
07
99
07
96
07
98
07
96
07
91
07
97
07
98
07
96
07
96
07
96
07
97
07
98
07
92
07
98
07
98
07
97
07
97
07
98
07
96
07
97
07
97
07
98
07
96
07
96
07
97
07
9A
07
96
07
97
07
9B
07
99
07
9A
07
9D
07
9F
07
9E
07
A1
07
A2
07
A4
07
A9
07
AA
07
AD
07
AB
07
AE
07
AE
07
B0
07
AE
07
AE
07
AF
07
AB
07
B3
07
A7
07
A8
07
A5
07
A2
07
A0
07
9E
07
9D
07
9D
07
9C
07
9C
07
97
07
97
07
99
07
99
07
90
07
99
07
97
07
95
07
97
07
92
07
8F
07
99
07
97
07
97
07
99
07
98
07
97
07
9A
07
97
07
98
07
A2
07
98
07
94
07
92
07
9A
07
98
07
9A
07
98
07
96
07
9A
07
96
07
98
07
98
07
98
07
99
07
97
07
98
07
98
07
99
07
98
07
9A
07
98
07
99
07
99
07
97
07
95
07
97
07
98
07
9B
07
99
07
99
07
98
07
96
07
9B
07
94
07
99
07
9B
07
9C
07
98
07
98
07
90
07
9A
07
99
07
9A
07
9A
07
93
07
95
07
98
07
98
07
99
07
95
07
99
07
98
07
9C
07
98
07
9A
07
98
07
9B
07
9B
07
99
07
98
07
99
07
98
07
98
07
98
07
99
07
9A
07
98
07
9A
07
98
07
9E
07
9B
07
98
07
98
07
98
07
9B
07
9C
07
9B
07
9A
07
9B
07
9B
07
9C
07
9A
07
9C
07
9A
07
9A
07
9A
07
97
07
9A
07
9A
07
97
07
9C
07
97
07
9B
07
A1
07
99
07
9B
07
9F
07
97
07
99
